-0.9590,-0.2254,3.454,2.826
-1.9171,-0.4351,3.454,2.826
-2.8777,-0.6571,3.454,2.826
-3.8316,-0.8919,3.454,2.826
-4.7808,-1.1405,3.454,2.826
-5.7279,-1.4027,3.454,2.826
-6.6690,-1.6776,3.454,2.826
-7.6062,-1.9658,3.454,2.826
-8.5354,-2.2660,3.454,2.826
-9.4678,-2.5818,3.454,2.826
-10.3965,-2.9110,3.454,2.826
-11.3165,-3.2519,3.454,2.826
-12.2321,-3.6059,3.140,3.140
-13.1464,-3.9602,3.140,3.140
-14.0632,-4.3161,3.140,3.140
-14.9791,-4.6715,3.140,3.140
-15.8979,-5.0279,3.140,3.140
-16.8103,-5.3818,3.140,3.140
-17.7281,-5.7377,3.140,3.140
-18.6429,-6.0925,2.826,3.454
-19.5666,-6.4365,2.826,3.454
-20.4915,-6.7669,2.826,3.454
-21.4210,-7.0840,2.826,3.454
-22.3501,-7.3864,2.826,3.454
-23.2882,-7.6771,2.826,3.454
-24.2210,-7.9517,2.826,3.454
-25.1639,-8.2148,2.826,3.454
-26.1107,-8.4647,2.826,3.454
-27.0699,-8.7033,2.826,3.454
-27.9933,-9.0467,2.826,3.454
-28.9492,-9.2613,2.826,3.454
-29.9272,-9.3924,2.826,3.454
-30.8763,-9.6490,2.826,3.454
-31.8414,-9.8220,2.826,3.454
-32.8082,-9.9818,2.826,3.454
-33.7765,-10.1290,2.826,3.454
-34.7522,-10.2741,2.826,3.454
-35.7263,-10.4047,2.826,3.454
-36.6992,-10.5210,2.826,3.454
-37.6747,-10.6235,2.826,3.454
-38.6488,-10.7118,2.826,3.454
-39.6261,-10.7865,2.826,3.454
-40.5991,-10.8470,2.826,3.454
-41.5770,-10.8939,2.826,3.454
-42.5628,-10.9273,2.826,3.454
-43.5420,-10.9466,2.826,3.454
-44.5245,-10.9521,2.826,3.454
-45.5064,-10.9440,2.826,3.454
-46.4896,-10.9235,2.826,3.454
-47.4707,-10.8898,2.826,3.454
-48.4445,-10.8429,2.826,3.454
-49.4239,-10.7819,2.826,3.454
-50.3972,-10.7077,2.826,3.454
-51.3731,-10.6194,2.826,3.454
-52.3496,-10.5172,2.826,3.454
-53.3221,-10.4016,2.826,3.454
-54.2920,-10.2723,2.826,3.454
-55.2669,-10.1284,2.826,3.454
-56.2288,-9.9725,2.826,3.454
-57.1942,-9.8020,2.826,3.454
-58.1568,-9.6179,2.826,3.454
-59.1146,-9.4207,2.826,3.454
-60.0716,-9.2095,2.826,3.454
-61.0288,-8.9841,2.826,3.454
-61.9782,-8.7463,2.826,3.454
-62.9264,-8.4945,2.826,3.454
-63.8688,-8.2299,2.826,3.454
-64.8067,-7.9523,3.454,2.826
-65.7534,-7.6851,3.454,2.826
-66.6986,-7.4315,3.454,2.826
-67.6474,-7.1914,2.826,3.454
-68.5973,-6.9385,2.826,3.454
-69.5458,-6.6731,2.826,3.454
-70.4832,-6.3962,2.826,3.454
-71.4167,-6.1059,2.826,3.454
-72.3477,-5.8018,2.826,3.454
-73.2702,-5.4860,2.826,3.454
-74.1968,-5.1540,2.826,3.454
-75.1149,-4.8104,2.826,3.454
-76.0299,-4.4532,2.826,3.454
-76.9380,-4.0838,2.826,3.454
-77.8419,-3.7011,2.826,3.454
-78.7408,-3.3056,2.826,3.454
-79.6336,-2.8976,3.140,3.140
-80.5283,-2.4879,3.454,2.826
-81.4269,-2.0902,3.454,2.826
-82.3255,-1.7072,3.454,2.826
-83.2333,-1.3356,3.454,2.826
-84.1485,-0.9761,3.454,2.826
-85.0663,-0.6306,3.454,2.826
-85.9862,-0.2991,3.454,2.826
-86.9097,0.0190,3.454,2.826
-87.8421,0.3255,3.454,2.826
-88.7847,0.6207,3.454,2.826
-89.7245,0.9005,3.454,2.826
-90.6571,1.2095,3.454,2.826
-91.6133,1.4497,3.454,2.826
-92.5633,1.6769,3.454,2.826
-93.5184,1.8994,3.454,2.826
-94.4734,2.1076,3.454,2.826
-95.4336,2.3026,3.454,2.826
-96.4021,2.4851,3.454,2.826
-97.3683,2.6529,3.454,2.826
-98.3356,2.8068,3.454,2.826
-99.3061,2.9472,3.454,2.826
-100.2816,3.0743,3.454,2.826
-101.2611,3.1877,3.454,2.826
-102.2381,3.2870,3.454,2.826
-103.2095,3.3718,3.454,2.826
-104.1903,3.4434,3.454,2.826
-105.1732,3.5012,3.454,2.826
-106.1502,3.5448,3.454,2.826
-107.1287,3.5746,3.454,2.826
-108.1092,3.5906,3.454,2.826
-109.0892,3.5928,3.454,2.826
-110.0680,3.5817,3.454,2.826
-111.0551,3.5579,3.454,2.826
-112.0359,3.5209,3.454,2.826
-113.0179,3.4702,3.454,2.826
-113.9984,3.4058,3.454,2.826
-114.9754,3.3279,3.454,2.826
-115.9496,3.2364,3.454,2.826
-116.9249,3.1310,3.454,2.826
-117.8962,3.0121,3.454,2.826
-118.8666,2.8794,3.454,2.826
-119.8356,2.7330,3.454,2.826
-120.8043,2.5726,3.454,2.826
-121.7697,2.3988,3.454,2.826
-122.7389,2.2101,3.454,2.826
-123.7030,2.0083,3.454,2.826
-124.6581,1.7943,3.454,2.826
-125.6121,1.5663,3.454,2.826
-126.5602,1.3256,3.454,2.826
-127.5070,1.0709,3.454,2.826
-128.4493,0.8031,3.454,2.826
-129.3852,0.5228,3.454,2.826
-130.3245,0.2269,3.454,2.826
-131.2557,-0.0809,3.454,2.826
-132.1816,-0.4016,3.454,2.826
-133.1064,-0.7365,3.454,2.826
-134.0226,-1.0831,3.454,2.826
-134.9355,-1.4432,3.454,2.826
-135.8424,-1.8159,3.454,2.826
-134.8649,-1.8116,3.454,2.826
-133.8805,-1.8089,3.454,2.826
-132.9042,-1.7971,3.454,2.826
-131.9235,-1.7723,3.454,2.826
-130.9409,-1.7342,3.454,2.826
-129.9593,-1.6822,3.454,2.826
-128.9814,-1.6168,3.454,2.826
-128.0046,-1.5377,3.454,2.826
-127.0274,-1.4445,3.454,2.826
-126.0581,-1.3382,3.454,2.826
-125.0905,-1.2181,3.454,2.826
-124.1194,-1.0835,3.454,2.826
-123.1505,-0.9353,3.454,2.826
-122.1785,-0.7726,3.454,2.826
-121.2148,-0.5971,3.454,2.826
-120.2511,-0.4076,3.454,2.826
-119.2918,-0.2049,3.454,2.826
-118.3388,0.0106,3.454,2.826
-117.3826,0.2411,3.454,2.826
-116.4357,0.4835,3.454,2.826
-115.4932,0.7390,3.454,2.826
-114.5474,1.0098,3.454,2.826
-113.6118,1.2921,3.454,2.826
-112.6769,1.5885,2.826,3.454
-111.7413,1.8723,2.826,3.454
-110.7982,2.1450,2.826,3.454
-109.8499,2.4045,2.826,3.454
-108.9024,2.6492,2.826,3.454
-107.9471,2.8814,2.826,3.454
-106.9937,3.0989,2.826,3.454
-106.0346,3.3035,2.826,3.454
-105.0727,3.4944,2.826,3.454
-104.1055,3.6723,2.826,3.454
-103.1362,3.8363,2.826,3.454
-102.1657,3.9865,2.826,3.454
-101.1933,4.1229,2.826,3.454
-100.2220,4.2557,2.826,3.454
-99.2494,4.3637,2.826,3.454
-98.2716,4.4568,2.826,3.454
-97.2928,4.5357,2.826,3.454
-96.3133,4.6007,2.826,3.454
-95.3331,4.6516,2.826,3.454
-94.3521,4.6887,2.826,3.454
-93.3695,4.7119,2.826,3.454
-92.3894,4.7211,2.826,3.454
-91.4049,4.7165,2.826,3.454
-90.4221,4.6995,2.826,3.454
-89.4396,4.6693,2.826,3.454
-88.4583,4.6256,3.140,3.140
-87.4760,4.5813,3.140,3.140
-86.4940,4.5364,3.140,3.140
-85.5122,4.4918,3.140,3.140
-84.5334,4.4475,3.140,3.140
-83.5568,4.4033,3.140,3.140
-82.5736,4.3589,3.140,3.140
-81.5889,4.3145,3.140,3.140
-80.6080,4.2702,3.140,3.140
-79.6345,4.2263,3.140,3.140
-78.6534,4.1820,3.140,3.140
